-12.1605547	1.6656500	11.0538230	
-12.1881070	1.6686500	11.0538230	
-12.1853235	1.6672000	11.0538230	
-24.7504016	30.5016500	42.9514370	
-22.5805261	24.8821500	42.9114370	
-24.4071884	29.5378000	43.1688230	
-24.4854169	29.7992500	43.1688230	
-24.7056338	30.4122500	43.1688230	
-24.7270657	30.4886000	43.1688230	
-24.7038269	30.3311000	42.9114370	
-24.6982439	30.2973500	42.9114370	
-24.7468497	30.5307500	42.9264370	
-24.7478672	30.5350500	42.8814370	
-24.7520020	30.5540000	42.8814370	
-24.7516246	30.5475500	42.9264370	
-24.7587107	30.5764500	42.9364370	
-24.7506704	30.5384000	42.9264370	
-24.7517445	30.5398500	42.9364370	
-24.7535900	30.5445500	42.9514370	
-24.7539619	30.5449000	42.9514370	
-24.7516873	30.5183000	42.9514370	
-24.7474376	30.4959500	42.9514370	
-24.7485150	30.4962000	42.9514370	
